1 32 3
1 672 3
1 80 6
1 624 6
1 128 9
1 576 9
1 192 12
1 528 12
1 240 15
1 480 15
1 288 18
1 432 18
1 336 21
1 384 21
1 288 39
1 432 39
1 288 49
1 432 49
1 288 59
1 432 59
1 352 66
1 368 75
1 576 77
1 352 84
1 176 88
1 480 99
1 32 107
1 672 113
1 176 118
1 448 123
1 288 128
1 368 134
2 48 154
2 192 154
2 320 154
2 448 154
2 576 154
2 688 154
1 480 164
1 128 169
1 608 177
1 32 194
1 96 196
1 160 197
1 240 198
1 304 200
1 400 202
1 464 203
1 560 205
1 624 207
1 688 208
2 160 231
2 336 231
2 496 231
2 656 231
2 48 240
2 240 240
2 416 240
2 576 240
2 64 270
2 640 273
2 352 274
2 224 279
2 528 282
2 96 286
2 368 288
2 624 293
2 160 297
2 480 298
2 304 299
2 240 309
2 576 309
2 80 310
2 384 315
2 576 320
2 128 321
2 256 323
2 480 325
2 304 328
2 656 331
2 128 333
2 384 335
2 560 336
2 96 343
2 272 346
2 512 349
2 176 351
2 32 354
2 384 355
2 656 359
1 48 383
1 96 385
1 144 387
1 192 389
1 240 391
1 288 393
1 336 395
1 384 397
1 336 399
1 672 399
1 288 401
1 624 401
1 240 403
1 576 403
1 192 405
1 528 405
1 144 407
1 480 407
1 96 409
1 432 409
1 48 411
1 384 411
2 64 427
2 672 427
2 64 432
2 672 432
2 64 437
2 672 437
2 64 442
2 224 442
2 512 442
2 672 442
2 224 447
2 512 447
2 224 452
2 512 452
1 480 486
1 64 488
1 256 489
1 176 492
1 640 494
1 80 500
1 544 501
1 336 502
2 144 503
2 448 507
1 640 507
1 224 508
1 144 509
1 512 511
2 640 514
1 432 515
1 672 517
1 320 518
1 64 519
1 560 520
1 176 523
1 448 526
2 48 527
1 112 527
1 640 527
2 336 528
1 192 532
1 304 532
1 560 533
1 464 534
1 64 536
1 368 538
1 704 538
1 608 540
1 192 541
1 16 543
1 448 543
1 304 544
1 608 546
2 512 548
1 400 550
1 576 550
1 160 552
1 80 555
2 176 556
1 464 556
1 304 558
1 640 558
1 128 562
1 400 562
2 608 563
1 320 567
1 128 568
1 464 568
1 640 568
1 208 571
2 144 574
1 240 574
1 432 574
2 496 576
1 48 577
1 112 579
2 272 580
1 352 580
2 624 581
1 688 581
1 208 586
1 432 587
2 32 620
2 176 620
2 320 620
2 464 620
2 624 620
2 96 636
2 240 636
2 384 636
2 544 636
2 32 650
2 160 650
2 304 650
2 480 650
2 656 650
2 96 665
2 240 665
2 384 665
2 576 665
1 32 676
1 80 677
1 128 678
1 176 679
1 224 680
1 272 681
1 320 682
1 368 683
1 416 684
1 464 685
1 512 686
1 560 687
1 608 688
1 656 689
1 672 703
1 624 704
1 576 705
1 528 706
1 480 707
1 432 708
1 384 709
1 336 710
1 288 711
1 240 712
1 192 713
1 144 714
1 96 715
1 48 716
