2 96 1046
2 592 1046
1 352 1055
1 160 1059
1 256 1064
1 352 1074
1 544 1079
1 464 1084
1 368 1093
1 192 1097
1 272 1103
1 352 1110
2 64 1124
2 224 1124
2 368 1124
2 512 1124
2 656 1124
2 64 1133
2 224 1133
2 368 1133
2 512 1133
2 656 1133
2 64 1142
2 224 1142
2 368 1142
2 512 1142
2 656 1142
2 64 1151
2 224 1151
2 368 1151
2 512 1151
2 656 1151
1 48 1198
1 96 1200
1 144 1202
1 192 1204
1 240 1206
1 288 1208
1 336 1210
1 384 1212
1 432 1214
1 480 1216
1 528 1218
1 576 1220
1 624 1222
1 672 1224
3 80 1241
3 624 1241
3 272 1246
3 624 1246
3 80 1248
3 624 1251
3 400 1253
3 80 1254
3 80 1259
3 256 1259
3 624 1259
3 80 1265
3 432 1265
3 624 1265
2 80 1301
2 208 1301
2 336 1301
2 464 1301
2 608 1301
2 80 1309
2 208 1309
2 336 1309
2 464 1309
2 608 1309
2 80 1317
2 208 1317
2 336 1317
2 464 1317
2 608 1317
3 336 1326
3 288 1329
3 240 1332
3 192 1335
3 144 1338
3 96 1341
3 48 1344
3 96 1347
3 144 1350
3 192 1353
3 240 1356
3 288 1359
3 336 1362
3 384 1365
2 336 1367
3 432 1368
3 480 1371
3 528 1374
2 336 1375
3 576 1377
3 624 1380
2 336 1383
3 672 1383
2 336 1390
2 336 1397
2 336 1404
2 336 1411
2 480 1411
2 624 1411
2 480 1419
2 624 1419
1 304 1435
1 640 1439
1 448 1442
1 160 1443
1 544 1443
1 272 1447
3 384 1449
1 576 1449
1 112 1452
3 192 1452
1 304 1453
1 432 1453
1 544 1453
3 624 1454
3 464 1458
1 224 1461
1 416 1461
1 96 1462
3 304 1463
1 544 1463
3 688 1463
3 128 1466
3 432 1466
1 240 1469
1 336 1469
1 32 1470
1 640 1471
3 448 1473
1 128 1474
1 336 1475
1 544 1475
1 208 1476
1 544 1477
3 640 1478
1 448 1480
1 16 1482
1 256 1483
1 352 1483
1 672 1483
3 576 1484
1 128 1485
3 256 1487
1 512 1489
1 224 1491
3 112 1492
3 416 1492
3 640 1492
1 128 1495
1 336 1495
1 256 1499
3 480 1501
2 272 1525
2 432 1525
2 272 1533
2 432 1533
2 272 1541
2 432 1541
3 336 1554
3 400 1554
2 48 1555
2 224 1555
3 368 1555
2 512 1555
2 688 1555
3 336 1556
3 400 1556
3 336 1562
3 400 1562
2 48 1563
2 224 1563
3 368 1563
2 512 1563
2 688 1563
3 336 1564
3 400 1564
1 560 1586
2 160 1587
1 208 1588
1 336 1590
1 384 1591
2 624 1592
2 384 1593
1 64 1594
1 128 1595
1 560 1595
1 464 1598
1 224 1599
1 80 1601
1 384 1602
1 672 1603
1 304 1604
1 512 1604
1 592 1605
2 112 1606
2 320 1606
1 208 1608
1 464 1608
1 112 1610
2 528 1610
1 608 1610
1 64 1611
1 416 1611
1 256 1613
1 112 1615
2 176 1618
2 416 1621
3 368 1637
3 336 1638
3 304 1639
3 304 1641
3 336 1642
3 368 1643
3 368 1645
3 336 1646
3 304 1647
3 304 1649
3 336 1650
3 368 1651
1 272 1661
1 240 1662
1 208 1663
1 176 1664
1 144 1665
1 112 1666
1 80 1667
1 48 1668
1 576 1671
1 544 1672
1 512 1673
1 480 1674
1 448 1675
1 416 1676
1 384 1677
1 336 1688
1 304 1689
1 272 1690
1 240 1691
1 208 1692
1 176 1693
1 144 1694
1 112 1695
1 432 1702
1 464 1703
1 496 1704
1 528 1705
1 560 1706
1 592 1707
3 144 1717
3 208 1717
3 176 1718
3 144 1719
3 208 1719
3 400 1724
3 464 1724
3 432 1725
2 608 1725
3 400 1726
3 464 1726
2 240 1727
3 528 1734
3 592 1734
3 208 1735
3 272 1735
3 560 1735
2 64 1736
3 240 1736
2 416 1736
3 528 1736
3 592 1736
3 208 1737
3 272 1737
