3 48 10
3 624 11
3 80 12
3 608 13
3 128 14
3 560 15
3 176 16
3 496 17
3 272 18
3 320 19
3 400 19
3 208 38
3 320 38
3 144 39
3 96 40
3 432 40
3 496 42
3 48 43
3 528 44
3 592 48
3 304 49
3 160 51
3 432 51
3 640 53
3 80 55
3 656 56
3 352 59
3 512 59
3 272 60
3 48 61
3 384 62
3 224 63
3 240 67
3 656 67
3 496 68
3 64 70
3 304 70
3 384 71
3 624 71
3 112 74
3 576 76
3 224 77
3 352 78
3 496 78
2 80 92
2 224 96
2 384 102
2 512 107
1 64 109
1 144 114
1 208 117
2 624 117
1 16 118
1 256 118
1 80 121
1 304 122
1 144 125
3 208 126
1 32 127
1 384 127
1 96 129
1 224 129
1 448 130
3 160 132
2 672 132
1 288 133
1 64 134
1 96 135
1 192 135
3 416 135
1 224 139
3 192 140
1 320 140
3 272 143
1 400 143
1 176 144
1 288 148
1 432 152
2 64 173
2 224 173
2 368 173
2 512 173
2 640 173
2 64 177
2 224 177
2 368 177
2 512 177
2 640 177
2 64 181
2 224 181
2 368 181
2 512 181
2 640 181
2 64 185
2 224 185
2 368 185
2 512 185
2 640 185
3 240 203
3 272 203
3 304 203
3 336 203
3 368 203
3 400 203
3 272 208
3 304 208
3 336 208
3 368 208
3 240 210
3 336 210
3 400 210
3 272 212
3 336 212
3 368 212
3 240 217
3 272 217
3 304 217
3 336 217
3 368 217
3 400 217
3 240 219
3 400 219
3 272 221
3 304 221
3 336 221
3 368 221
3 272 226
3 304 226
3 336 226
3 368 226
3 240 228
3 400 228
3 272 230
3 368 230
3 272 238
3 304 238
3 336 238
3 368 238
3 240 240
3 320 240
3 400 240
3 272 242
3 304 242
3 336 242
3 368 242
3 272 247
3 304 247
3 400 247
3 240 249
3 320 249
3 400 249
3 272 251
3 304 251
3 336 251
3 368 251
